X3 = [...
   -11 5 10 -9.24 4.55 3.21 3.45 8.90 7.3 12.3
   0.11 0.44 0.33 5.3 6.7 -8.9 2.45 11.43 2.67 7.67
   8.33 4.54 9.87 1.2 3.2 11.3 3.56 7.12 3.5 5.62
   2.21 3.76 -1.34 -1.45 -0.5 1.3 2.34 20.67 11.3 5.23
   6.9 1.22 4.5 5.64 1.3 0.99 1.88 4.55 9.8 6.4
   -1.45 0.11 0.99 -0.25 5.6 0.42 3.45 0.98 2.5 7.2
   7.82 9.8 -0.753 0.90 3.4 0.55 6.12 5.3 1.4 9.8
   5.3 -4.2 -0.94 4.44 -11.45 12.3 23.4 5.44 12.4 25.6
   1.2 9.54 3.44 8.9 -9.83 1.3 1.5 2.8 1.7 9.2
   -5.54 8.2 -10.5 -9.81 -3.67 5.66 7.89 9.83 12.3 3.59
   1 21 6.52 -10.2 15.6 -4.55 3.56 11.3 16.3 3.2
   7.7 3.45 0.45 4.55 -9.2 1.2 3.45 9.6 1.4 .76
   -4.33 2.3  -5.42 -4.53 12.4 10.45 7.6 3.4 6.7 9.7
  20 -14 11.54 15.3 -40.5 35.4 25.6 8.9 24.5 35.1
  5.1 11.4 7.55 -0.45 -6.5 2.33 12.3 6.71 4.3 9.82
  8.111 6.6 -4.33 9.8 -3.4 11.4 4.66 6.82 4.51 10.9
  4.65 1.4 2.11 -3.45 6.0 7.89 5.6 3.7 8.9 6.4
  9.32 5.9 0.55 0.39 -20.5 0.89 3.1 6.9 1.2 0.33 
  2.1 0.17 -11.3 3.44 -4.5 -2.3 3.6 6.22 5.4 12.3
  10 5.98 11.2 20.4 6.7 12.34 15.6 4.3 15.6 8.2
  2.23 3.44 5.53 -4.33 -8.9 5.6 5.82 2.1 1.7 7.33
  15.1 11.6 13.4 -0.99 1.2 14.5 19.5 4.55 5.4 4.2
  -7 12.4 -4.55 20.9 7.6 3.4 8.7 2.3 9.82 4.52
  2.3 -1.23 -7.89 -5.653 -8.7 6.7 9.2 3.55 7.8 5.623
  -1.5 3.44 4.35 4.56 9.11 12.2 4.5 6.77 7.43 2.56
  1.4 9.67 5.66 11.4 2.34 1.56 4.5 9.43 8.9 9.35
  2.56 -8.33 -4.56 -23.5 11.6 7.89 14.5 5.23 12.65 13.4
  10.22 1.45 0.55 0.91 -5.42 3.44 7.89 3.42 6.7 8.3
  -2.5 -9.88 9.72 4.56 -4.7 5.6 7.45 6.52 6.43 3.98
  5.91 7.1 -1.23 8.1 -19.1 3.89 24.3 6.43 12.5 7.32
  8.13 2.44 5.44 -3.2 2.44 4.55 6.75 9.43 8.72 3.54
  0.42 -0.69 -11.2 7.6 0.33 21.3 4.55 3.5 5.31 3.98
  -9.2 7.01 0.99 -5.4 1.5 5.6 0.43 3.52 6.51 2.34
  -8.5 -6.7 -2.33 6.903 9.12 -10.5 8.23 6.27 7.65 9.31
  -2.4 11.3 10.4 -14.2 -7.66 -0.44 16.7 12.3 14.3 9.865
]';
