X3 = [...
   -11 5
   0.11 0.44
   8.33 4.54
   2.21 3.76
   6.9 1.22
   -1.45 0.11
   7.82 9.8
   5.3 -4.2
   1.2 9.54
   -5.54 8.2
   1 21
   7.7 3.45
   -4.33 2.3  
  20 -14
  5.1 11.4
  8.111 6.6
  4.65 1.4
  9.32 5.9
  2.1 0.17
  10 5.98
  2.23 3.44
  15.1 11.6
  -7 12.4
  2.3 -1.23
  -1.5 3.44
  1.4 9.67
  2.56 -8.33
  10.22 1.45
  -2.5 -9.88
  5.91 7.1
  8.13 2.44
  0.42 -0.69
  -9.2 7.01
  -8.5 -6.7
  -2.4 11.3
  
]';
%figure

% x = X3(1, :)
% y = X3(2, :)
% plot(x, y, "o")