X3 = [...
   -11 5 10 -9.24 4.55
   0.11 0.44 0.33 5.3 6.7
   8.33 4.54 9.87 1.2 3.2
   2.21 3.76 -1.34 1.45 0.5
   6.9 1.22 4.5 5.64 1.3
   -1.45 0.11 0.99 -0.25 5.6
   7.82 9.8 -0.753 0.90 3.4
   5.3 -4.2 -0.94 4.44 11.45
   1.2 9.54 3.44 8.9 9.83
   -5.54 8.2 -10.5 9.81 3.67
   1 21 6.52 -10.2 15.6
   7.7 3.45 0.45 4.55 9.2
   -4.33 2.3  -5.42 -4.53 12.4
  20 -14 11.54 15.3 40.5
  5.1 11.4 7.55 0.45 6.5
  8.111 6.6 -4.33 9.8 3.4
  4.65 1.4 2.11 -3.45 6.0
  9.32 5.9 0.55 0.39 20.5
  2.1 0.17 -11.3 3.44 4.5
  10 5.98 11.2 20.4 6.7
  2.23 3.44 5.53 4.33 8.9
  15.1 11.6 13.4 0.99 1.2
  -7 12.4 4.55 20.9 7.6
  2.3 -1.23 7.89 5.653 8.7
  -1.5 3.44 4.35 4.56 9.11
  1.4 9.67 5.66 11.4 2.34
  2.56 -8.33 -4.56 -23.5 11.6
  10.22 1.45 0.55 0.91 5.42
  -2.5 -9.88 9.72 4.56 4.7
  5.91 7.1 -1.23 8.1 19.1
  8.13 2.44 5.44 -3.2 2.44
  0.42 -0.69 -11.2 7.6 0.33
  -9.2 7.01 0.99 -5.4 1.5
  -8.5 -6.7 -2.33 6.903 9.12
  -2.4 11.3 10.4 14.2 7.66
]';
